Pitch                           : -7.081590
Roll                            : -14.798459
